abc = [0.018837 0.126324; 0.063063 0.160776]
ab_c = [0.011063 0.256476; 0.037037 0.326424]

P =[0.018837; 0.011063 ;0.063063; 0.037037; 0.126324; 0.256476; 0.160776; 0.326424]

Pa = P(1)+P(2)+P(3)+P(4)
P_a = P(5)+P(6)+P(7)+P(8)

Pb = P(1)+P(2)+P(5)+P(6)
P_b = P(3)+P(4)+P(7)+P(8)

Pc = P(1)+P(3)+P(5)+P(7)
P_c = P(2)+P(4)+P(6)+P(8)

Pab = P(1)+P(2)
P_ab = P(5)+P(6)

Pbc = P(1)+P(5)
Pb_c = P(2)+P(6)
P_b_c = P(4)+P(8)
P_bc = P(3)+P(7)

Pac = P(1)+P(3)
P_ac = P(5)+P(7)

Pabc = P(1)

P_ac = P(5) + P(7)




