V = 6;
E = 6;

adj_mat = [0 0 1 0 0 0;
           0 0 1 0 0 0;
           0 0 0 1 1 0;
           0 0 0 0 0 1;
           0 0 0 0 0 1;
           0 0 0 0 0 0];

P_a = 0.5;
P_b = 0.7;